<number of tasks>
21
<cycle time>
15
<Cost of running a workstation per unit time>
0.05
<Fix start-up cost of each workstation>
1.00
<Recycling value>
1 4
2 7
3 2
4 8
5 4
6 6
7 7
8 6
9 7
10 4
11 6
12 6
13 3
14 3
15 6
16 5
17 2
18 7
19 6
20 7
21 6
<Cost of performing task>
1 4.1
2 2.5
3 3.9
4 3.2
5 3.2
6 2.0
7 3.2
8 5.0
9 3.2
10 3.7
11 3.2
12 2.1
13 2.2
14 4.4
15 2.9
16 2.4
17 4.5
18 1.8
19 2.8
20 1.7
21 3.9
<GHG saved when resuing part>
1 28.6
2 29.1
3 19.6
4 6.5
5 34.5
6 32.2
7 8.3
8 15.4
9 1.9
10 3.6
11 14.5
12 21.3
13 0.9
14 29.3
15 1.0
16 9.0
17 2.4
18 7.7
19 38.0
20 12.1
21 2.1
<GHG producted when removing part>
1 0.4
2 0.1
3 0.7
4 0.8
5 0.3
6 0.8
7 0.0
8 0.4
9 0.8
10 0.1
11 0.7
12 0.8
13 0.9
14 0.6
15 0.6
16 0.3
17 0.3
18 0.0
19 0.0
20 0.8
21 0.5
<task times>
1 4
2 3
3 9
4 5
5 9
6 4
7 8
8 7
9 5
10 1
11 3
12 1
13 5
14 3
15 5
16 3
17 13
18 5
19 2
20 3
21 7
<precedence relations>
1 2 1
1 3 1
2 21 1
3 4 1
4 5 1
4 21 1
5 6 1
5 7 1
6 8 1
7 8 1
7 14 1
8 9 1
9 10 1
9 11 1
9 12 1
9 13 1
10 15 1
11 15 1
12 15 1
13 17 1
13 18 1
14 19 1
15 16 1
15 18 1
16 17 1
17 20 1
18 19 1
<end>
