<number of tasks>
25
<cycle time>
28
<Cost of running a workstation per unit time>
0.05
<Fix start-up cost of each workstation>
1.00
<Recycling value>
1 4
2 7
3 1
4 1
5 1
6 1
7 1
8 1
9 1
10 2
11 1
12 4
13 1
14 1
15 1
16 1
17 2
18 2
19 8
20 1
21 4
22 6
23 7
24 1
25 4
<Cost of performing task>
1 1.5
2 3.0
3 2.0
4 2.5
5 1.0
6 1.0
7 2.0
8 1.0
9 1.0
10 1.0
11 0.5
12 2.5
13 1.0
14 2.0
15 1.0
16 1.0
17 1.0
18 1.0
19 2.0
20 2.0
21 3.0
22 3.0
23 1.0
24 2.0
25 3.0
<GHG saved when resuing part>
1 38.1
2 5.9
3 25.0
4 3.2
5 5.1
6 1.4
7 22.8
8 2.5
9 4.4
10 13.2
11 12.6
12 36.0
13 6.7
14 9.2
15 8.8
16 37.1
17 39.7
18 31.8
19 5.9
20 10.5
21 4.2
22 27.2
23 33.6
24 7.8
25 9.7
<GHG producted when removing part>
1 0.9
2 0.4
3 0.7
4 0.7
5 0.3
6 0.0
7 0.8
8 0.6
9 0.4
10 0.8
11 0.9
12 0.6
13 0.2
14 0.0
15 0.2
16 0.6
17 0.3
18 0.1
19 0.3
20 1.0
21 0.8
22 0.2
23 0.1
24 0.4
25 0.2
<task times>
1 3
2 2
3 3
4 10
5 10
6 15
7 15
8 15
9 15
10 2
11 2
12 2
13 2
14 2
15 2
16 2
17 2
18 3
19 18
20 5
21 1
22 5
23 15
24 2
25 2
<precedence relations>
1 3 1
2 3 1
2 6 1
2 7 1
2 8 1
3 9 1
4 10 1
5 10 1
6 13 1
6 14 1
6 15 1
6 16 1
7 13 1
7 14 1
7 15 1
7 16 1
8 13 1
8 14 1
8 15 1
8 16 1
9 13 1
9 14 1
9 15 1
9 16 1
10 11 1
11 12 1
13 17 1
13 19 1
14 17 1
14 19 1
15 18 1
16 19 1
16 23 1
17 20 1
17 21 1
18 19 1
19 24 1
21 22 1
21 25 1
22 23 1
23 24 1
<end>
