<number of tasks>
25
<cycle time>
16
<Cost of running a workstation per unit time>
0.05
<Fix start-up cost of each workstation>
1.00
<Recycling value>
1 2
2 4
3 5
4 2
5 6
6 7
7 8
8 4
9 4
10 7
11 5
12 6
13 3
14 5
15 7
16 7
17 4
18 7
19 6
20 4
21 2
22 6
23 2
24 6
25 4
<Cost of performing task>
1 4.0
2 3.3
3 4.5
4 2.0
5 2.5
6 2.2
7 1.0
8 3.0
9 2.1
10 1.9
11 4.6
12 4.4
13 2.8
14 4.4
15 4.1
16 1.8
17 3.6
18 3.6
19 1.5
20 3.8
21 1.0
22 4.9
23 1.3
24 2.1
25 4.5
<GHG saved when resuing part>
1 5.4
2 24.2
3 37.5
4 1.7
5 21.3
6 9.1
7 11.0
8 39.4
9 9.9
10 7.9
11 4.2
12 19.4
13 4.5
14 9.8
15 29.0
16 22.1
17 25.7
18 8.2
19 10.9
20 3.6
21 15.5
22 35.2
23 31.2
24 9.9
25 32.7
<GHG producted when removing part>
1 0.7
2 0.2
3 0.8
4 0.3
5 0.7
6 0.5
7 0.8
8 1.0
9 0.7
10 0.1
11 0.7
12 0.1
13 0.6
14 0.8
15 0.7
16 0.3
17 0.0
18 0.8
19 0.6
20 0.2
21 0.9
22 1.0
23 0.7
24 0.4
25 0.3
<task times>
1 4
2 3
3 9
4 5
5 9
6 4
7 8
8 7
9 5
10 1
11 3
12 1
13 5
14 3
15 5
16 3
17 13
18 5
19 2
20 3
21 7
22 5
23 3
24 8
25 4
<precedence relations>
1 3 1
2 3 1
3 4 1
4 5 1
4 8 1
5 6 1
6 7 1
6 10 1
7 11 1
7 12 1
8 9 1
8 11 1
9 10 1
9 13 1
11 13 1
12 15 1
13 14 1
14 16 1
14 19 1
14 20 1
15 17 1
15 22 1
16 18 1
17 18 1
17 23 1
18 25 1
19 22 1
20 21 1
20 25 1
21 22 1
21 24 1
23 25 1
<end>
