<number of tasks>
25
<cycle time>
30
<Cost of running a workstation per unit time>
0.05
<Fix start-up cost of each workstation>
1.00
<Recycling value>
1 4
2 7
3 1
4 1
5 1
6 1
7 1
8 1
9 1
10 2
11 1
12 4
13 1
14 1
15 1
16 1
17 2
18 2
19 8
20 1
21 4
22 6
23 7
24 1
25 4
<Cost of performing task>
1 1.5
2 3.0
3 2.0
4 2.5
5 1.0
6 1.0
7 2.0
8 1.0
9 1.0
10 1.0
11 0.5
12 2.5
13 1.0
14 2.0
15 1.0
16 1.0
17 1.0
18 1.0
19 2.0
20 2.0
21 3.0
22 3.0
23 1.0
24 2.0
25 3.0
<GHG saved when resuing part>
1 9.7
2 21.2
3 12.1
4 29.1
5 28.9
6 37.8
7 10.8
8 34.0
9 4.3
10 35.6
11 8.1
12 20.7
13 7.9
14 7.4
15 8.9
16 23.6
17 33.4
18 6.7
19 3.4
20 6.4
21 1.0
22 6.1
23 1.7
24 34.3
25 10.0
<GHG producted when removing part>
1 0.1
2 0.6
3 0.0
4 0.2
5 0.6
6 0.7
7 0.8
8 0.6
9 0.7
10 0.2
11 0.5
12 0.2
13 0.8
14 0.5
15 0.8
16 0.8
17 0.1
18 0.5
19 0.9
20 0.5
21 0.9
22 0.9
23 0.9
24 0.8
25 0.4
<task times>
1 3
2 2
3 3
4 10
5 10
6 15
7 15
8 15
9 15
10 2
11 2
12 2
13 2
14 2
15 2
16 2
17 2
18 3
19 18
20 5
21 1
22 5
23 15
24 2
25 2
<precedence relations>
1 3 1
2 3 1
2 6 1
2 7 1
2 8 1
3 9 1
4 10 1
5 10 1
6 13 1
6 14 1
6 15 1
6 16 1
7 13 1
7 14 1
7 15 1
7 16 1
8 13 1
8 14 1
8 15 1
8 16 1
9 13 1
9 14 1
9 15 1
9 16 1
10 11 1
11 12 1
13 17 1
13 19 1
14 17 1
14 19 1
15 18 1
16 19 1
16 23 1
17 20 1
17 21 1
18 19 1
19 24 1
21 22 1
21 25 1
22 23 1
23 24 1
<end>
