<number of tasks>
83
<cycle time>
8412
<Cost of running a workstation per unit time>
0.05
<Fix start-up cost of each workstation>
185.00
<Recycling value>
1 207
2 1131
3 1614
4 1088
5 1007
6 208
7 1604
8 452
9 649
10 1554
11 199
12 1614
13 1475
14 1540
15 800
16 809
17 428
18 390
19 663
20 724
21 1516
22 563
23 262
24 1511
25 955
26 1535
27 564
28 716
29 1602
30 199
31 616
32 1166
33 338
34 1525
35 1041
36 586
37 488
38 1158
39 1613
40 1439
41 356
42 1175
43 1520
44 646
45 311
46 931
47 243
48 1115
49 214
50 240
51 1178
52 1002
53 713
54 931
55 1162
56 696
57 403
58 407
59 1659
60 1429
61 1477
62 1217
63 700
64 388
65 898
66 1395
67 750
68 467
69 1044
70 1291
71 609
72 932
73 1101
74 1574
75 426
76 1444
77 507
78 504
79 1382
80 1527
81 1279
82 1637
83 881
<Cost of performing task>
1 527.0
2 750.6
3 232.2
4 541.9
5 873.0
6 384.1
7 261.6
8 680.7
9 524.3
10 673.1
11 807.7
12 840.5
13 546.7
14 449.0
15 536.7
16 735.2
17 343.5
18 290.3
19 562.8
20 458.2
21 316.9
22 894.4
23 591.2
24 610.9
25 555.7
26 847.1
27 329.8
28 621.7
29 210.3
30 822.6
31 704.6
32 366.4
33 452.1
34 260.2
35 424.4
36 330.9
37 552.9
38 665.2
39 783.1
40 791.9
41 331.0
42 887.7
43 688.3
44 296.2
45 538.7
46 694.9
47 730.9
48 670.2
49 557.5
50 653.4
51 557.6
52 213.7
53 503.5
54 615.1
55 724.5
56 209.7
57 532.2
58 382.0
59 488.4
60 855.1
61 479.5
62 290.9
63 832.0
64 854.5
65 283.9
66 696.0
67 773.2
68 913.4
69 311.6
70 669.6
71 239.7
72 435.5
73 839.9
74 351.3
75 540.8
76 813.9
77 351.9
78 411.0
79 918.4
80 193.7
81 756.7
82 313.1
83 833.8
<GHG saved when resuing part>
1 9.2
2 34.9
3 18.7
4 4.3
5 11.4
6 0.6
7 29.8
8 6.1
9 12.1
10 25.0
11 17.3
12 19.6
13 5.2
14 19.7
15 12.0
16 2.3
17 4.2
18 8.0
19 1.2
20 34.9
21 18.8
22 35.7
23 39.7
24 9.9
25 37.5
26 1.3
27 14.6
28 34.5
29 4.6
30 26.7
31 15.8
32 4.1
33 5.5
34 8.5
35 6.2
36 2.1
37 27.5
38 12.1
39 1.2
40 2.7
41 1.5
42 24.0
43 1.9
44 10.4
45 22.7
46 31.7
47 24.1
48 4.5
49 16.4
50 35.7
51 2.1
52 19.8
53 7.7
54 7.6
55 32.5
56 7.8
57 4.0
58 6.0
59 32.3
60 17.3
61 17.7
62 29.1
63 0.0
64 7.7
65 21.1
66 14.4
67 18.2
68 8.4
69 5.1
70 30.8
71 4.9
72 2.7
73 1.5
74 5.9
75 18.4
76 4.6
77 9.2
78 27.2
79 17.8
80 5.2
81 10.1
82 1.7
83 28.4
<GHG producted when removing part>
1 0.6
2 0.8
3 0.9
4 0.4
5 0.3
6 0.2
7 0.4
8 1.0
9 0.5
10 0.3
11 0.6
12 0.8
13 0.1
14 0.3
15 0.4
16 0.7
17 1.0
18 0.4
19 0.0
20 0.1
21 0.9
22 0.4
23 0.7
24 0.1
25 0.4
26 0.6
27 0.9
28 0.5
29 0.8
30 0.1
31 0.2
32 0.7
33 0.8
34 0.6
35 0.2
36 0.5
37 0.1
38 0.1
39 1.0
40 0.2
41 0.7
42 0.9
43 0.8
44 0.8
45 0.8
46 0.8
47 0.2
48 0.1
49 0.6
50 0.7
51 0.5
52 0.5
53 0.6
54 0.6
55 0.4
56 0.1
57 0.1
58 0.9
59 0.1
60 0.7
61 0.3
62 0.9
63 0.6
64 0.2
65 0.9
66 0.9
67 0.3
68 0.5
69 0.6
70 1.0
71 0.7
72 0.3
73 0.5
74 0.4
75 0.4
76 0.9
77 0.1
78 0.5
79 0.3
80 0.5
81 0.1
82 0.4
83 0.0
<task times>
1 1673
2 985
3 1836
4 973
5 1700
6 2881
7 2231
8 1040
9 1793
10 1250
11 700
12 464
13 500
14 1133
15 577
16 483
17 880
18 667
19 600
20 233
21 408
22 847
23 767
24 850
25 780
26 912
27 748
28 1863
29 714
30 1004
31 713
32 642
33 629
34 1234
35 1143
36 1266
37 792
38 1251
39 1310
40 663
41 494
42 1288
43 792
44 578
45 594
46 578
47 622
48 578
49 564
50 578
51 578
52 578
53 578
54 578
55 578
56 578
57 578
58 578
59 578
60 578
61 578
62 578
63 578
64 578
65 578
66 578
67 578
68 578
69 467
70 887
71 396
72 1296
73 1100
74 2543
75 764
76 357
77 701
78 1164
79 286
80 2100
81 450
82 1300
83 3691
<precedence relations>
1 2 1
2 3 1
2 4 1
2 5 1
3 6 1
4 6 1
4 7 1
5 8 1
6 9 1
6 10 1
7 11 1
8 77 1
8 78 1
9 12 1
10 13 1
10 14 1
10 25 1
11 15 1
12 16 1
13 17 1
13 18 1
13 20 1
14 19 1
15 20 1
15 39 1
16 77 1
16 78 1
17 21 1
17 22 1
17 28 1
18 23 1
19 24 1
20 26 1
21 27 1
22 27 1
23 74 1
24 28 1
24 29 1
25 32 1
26 74 1
27 69 1
28 32 1
29 30 1
30 31 1
31 39 1
32 33 1
32 34 1
32 35 1
32 36 1
33 37 1
34 77 1
34 78 1
35 77 1
35 78 1
36 38 1
36 39 1
37 40 1
38 41 1
39 42 1
39 43 1
39 44 1
39 75 1
40 77 1
40 78 1
41 45 1
42 77 1
42 78 1
43 77 1
43 78 1
44 46 1
45 47 1
46 48 1
47 49 1
48 50 1
49 69 1
50 51 1
51 52 1
52 53 1
53 54 1
54 55 1
55 56 1
56 57 1
57 58 1
58 59 1
59 60 1
60 61 1
61 62 1
62 63 1
63 64 1
64 65 1
65 66 1
66 67 1
67 68 1
68 74 1
68 75 1
69 70 1
69 71 1
70 72 1
71 73 1
72 73 1
73 74 1
73 75 1
74 76 1
75 76 1
76 77 1
76 78 1
77 79 1
78 79 1
79 80 1
79 81 1
80 82 1
81 83 1
82 83 1
<end>
