<number of tasks>
21
<cycle time>
14
<task times>
1 4
2 3
3 9
4 5
5 9
6 4
7 8
8 7
9 5
10 1
11 3
12 1
13 5
14 3
15 5
16 3
17 13
18 5
19 2
20 3
21 7
<hazardous>
1 0
2 1
3 0
4 0
5 0
6 0
7 0
8 0
9 0
10 0
11 0
12 0
13 0
14 0
15 0
16 0
17 1
18 0
19 0
20 0
21 1
<Demand>
1 78
2 63
3 96
4 90
5 21
6 31
7 94
8 93
9 81
10 30
11 13
12 88
13 70
14 2
15 97
16 40
17 33
18 41
19 22
20 84
21 61
<Precedence relations>
1 2 1
1 3 1
2 21 1
3 4 1
4 5 1
4 21 1
5 6 1
5 7 1
6 8 1
7 8 1
7 14 1
8 9 1
9 10 1
9 11 1
9 12 1
9 13 1
10 15 1
11 15 1
12 15 1
13 17 1
13 18 1
14 19 1
15 16 1
15 18 1
16 17 1
17 20 1
18 19 1
<end>
