<number of tasks>
25
<cycle time>
14
<task times>
1 4
2 3
3 9
4 5
5 9
6 4
7 8
8 7
9 5
10 1
11 3
12 1
13 5
14 3
15 5
16 3
17 13
18 5
19 2
20 3
21 7
22 5
23 3
24 8
25 4
<hazardous>
1 0
2 0
3 0
4 0
5 0
6 1
7 0
8 0
9 0
10 1
11 0
12 1
13 0
14 0
15 0
16 0
17 1
18 0
19 0
20 0
21 0
22 0
23 1
24 0
25 0
<Demand>
1 29
2 69
3 23
4 86
5 47
6 51
7 29
8 70
9 74
10 14
11 85
12 34
13 57
14 6
15 64
16 100
17 87
18 61
19 66
20 66
21 93
22 84
23 86
24 49
25 59
<Precedence relations>
1 3 1
2 3 1
3 4 1
4 5 1
4 8 1
5 6 1
6 7 1
6 10 1
7 11 1
7 12 1
8 9 1
8 11 1
9 10 1
9 13 1
11 13 1
12 15 1
13 14 1
14 16 1
14 19 1
14 20 1
15 17 1
15 22 1
16 18 1
17 18 1
17 23 1
18 25 1
19 22 1
20 21 1
20 25 1
21 22 1
21 24 1
23 25 1
<end>
