<number of tasks>
28
<cycle time>
216
<task times>
1 70
2 59
3 33
4 6
5 1
6 27
7 17
8 62
9 31
10 53
11 21
12 19
13 108
14 52
15 5
16 8
17 97
18 8
19 47
20 67
21 17
22 8
23 3
24 21
25 107
26 3
27 2
28 72
<hazardous>
1 1
2 0
3 0
4 0
5 1
6 0
7 0
8 1
9 1
10 0
11 0
12 0
13 0
14 0
15 1
16 0
17 0
18 0
19 0
20 1
21 0
22 0
23 0
24 0
25 1
26 0
27 0
28 0
<Demand>
1 90
2 86
3 15
4 9
5 5
6 20
7 99
8 92
9 23
10 71
11 71
12 47
13 7
14 84
15 26
16 15
17 85
18 69
19 56
20 48
21 55
22 48
23 76
24 51
25 1
26 1
27 46
28 26
<Precedence relations>
1 3 1
1 4 1
1 5 1
1 8 1
1 19 1
1 21 1
1 22 1
1 23 1
1 24 1
1 26 1
2 6 1
2 17 1
3 28 1
4 28 1
5 28 1
6 7 1
7 18 1
8 9 1
9 10 1
10 11 1
10 12 1
11 15 1
12 13 1
13 14 1
13 16 1
14 28 1
15 28 1
16 28 1
17 28 1
18 28 1
19 20 1
20 28 1
21 28 1
22 28 1
23 28 1
24 25 1
25 28 1
26 27 1
27 28 1
<end>
