<number of tasks>
29
<cycle time>
36
<task times>
1 7
2 19
3 15
4 5
5 12
6 10
7 8
8 16
9 2
10 6
11 21
12 10
13 9
14 4
15 14
16 7
17 14
18 17
19 10
20 16
21 1
22 9
23 25
24 14
25 14
26 2
27 10
28 7
29 20
<hazardous>
1 0
2 0
3 1
4 0
5 0
6 0
7 0
8 0
9 0
10 0
11 0
12 0
13 0
14 0
15 0
16 0
17 0
18 0
19 0
20 0
21 0
22 0
23 0
24 0
25 1
26 0
27 0
28 0
29 1
<Demand>
1 67
2 39
3 53
4 57
5 95
6 81
7 96
8 91
9 57
10 72
11 36
12 79
13 13
14 33
15 93
16 7
17 55
18 39
19 34
20 84
21 96
22 17
23 23
24 21
25 40
26 5
27 42
28 1
29 8
<Precedence relations>
1 3 1
1 25 1
2 6 1
2 26 1
3 4 1
4 5 1
5 8 1
5 13 1
6 8 1
7 9 1
7 12 1
7 25 1
8 11 1
8 16 1
9 10 1
10 14 1
10 15 1
11 17 1
12 15 1
13 17 1
14 16 1
15 19 1
16 18 1
17 20 1
18 22 1
19 21 1
20 23 1
21 22 1
22 23 1
23 24 1
23 28 1
24 29 1
25 29 1
26 27 1
27 29 1
28 29 1
<end>
