<number of tasks>
30
<cycle time>
36
<task times>
1 8
2 7
3 19
4 10
5 2
6 6
7 14
8 10
9 1
10 4
11 14
12 15
13 5
14 12
15 9
16 10
17 2
18 10
19 18
20 16
21 21
22 14
23 16
24 7
25 17
26 9
27 25
28 7
29 14
30 2
<hazardous>
1 0
2 0
3 0
4 0
5 0
6 0
7 1
8 1
9 0
10 0
11 1
12 0
13 1
14 0
15 0
16 0
17 0
18 0
19 1
20 0
21 0
22 0
23 0
24 1
25 1
26 1
27 0
28 0
29 0
30 0
<Demand>
1 28
2 55
3 32
4 9
5 73
6 58
7 47
8 36
9 55
10 83
11 8
12 60
13 31
14 49
15 97
16 98
17 22
18 53
19 22
20 39
21 86
22 97
23 65
24 98
25 65
26 55
27 80
28 16
29 24
30 67
<Precedence relations>
1 4 1
1 5 1
2 11 1
2 12 1
3 16 1
3 17 1
4 7 1
5 6 1
6 7 1
7 8 1
8 9 1
9 26 1
10 24 1
12 13 1
13 14 1
14 15 1
14 20 1
15 22 1
16 20 1
17 18 1
18 19 1
20 21 1
20 24 1
21 22 1
22 23 1
23 27 1
24 25 1
25 26 1
26 27 1
27 28 1
27 29 1
29 30 1
<end>
