<number of tasks>
35
<cycle time>
69
<task times>
1 29
2 3
3 5
4 22
5 6
6 14
7 2
8 5
9 22
10 30
11 23
12 30
13 23
14 2
15 19
16 29
17 2
18 2
19 19
20 29
21 6
22 10
23 16
24 23
25 5
26 5
27 5
28 40
29 2
30 5
31 5
32 1
33 40
34 2
35 2
<hazardous>
1 0
2 0
3 0
4 0
5 0
6 0
7 1
8 1
9 0
10 0
11 0
12 0
13 0
14 0
15 0
16 0
17 0
18 0
19 1
20 0
21 0
22 0
23 0
24 1
25 0
26 1
27 1
28 1
29 0
30 0
31 0
32 0
33 0
34 1
35 0
<Demand>
1 88
2 95
3 45
4 25
5 48
6 80
7 99
8 31
9 6
10 19
11 3
12 1
13 45
14 95
15 82
16 90
17 23
18 48
19 82
20 62
21 93
22 69
23 86
24 88
25 35
26 97
27 12
28 74
29 57
30 34
31 64
32 61
33 68
34 29
35 67
<Precedence relations>
1 2 1
1 5 1
1 7 1
1 10 1
1 12 1
2 3 1
3 4 1
4 11 1
5 6 1
6 7 1
6 8 1
7 14 1
7 18 1
8 9 1
9 13 1
10 14 1
11 28 1
11 33 1
12 18 1
13 28 1
13 33 1
14 15 1
15 16 1
16 21 1
17 20 1
18 19 1
19 20 1
20 21 1
21 22 1
21 25 1
21 30 1
21 32 1
22 23 1
23 24 1
24 27 1
25 26 1
26 27 1
27 28 1
27 33 1
27 34 1
28 29 1
30 31 1
31 32 1
32 33 1
33 35 1
<end>
