<number of tasks>
111
<cycle time>
10743
<Cost of running a workstation per unit time>
0.05
<Fix start-up cost of each workstation>
285.00
<Recycling value>
1 1698
2 382
3 1074
4 302
5 2180
6 615
7 1216
8 1258
9 1008
10 1293
11 1929
12 821
13 880
14 1863
15 781
16 739
17 1096
18 1543
19 1074
20 1661
21 1548
22 1435
23 1895
24 2048
25 1093
26 1475
27 1012
28 1089
29 505
30 1405
31 2446
32 1520
33 1784
34 695
35 1419
36 711
37 1422
38 1533
39 1230
40 1269
41 541
42 720
43 1382
44 665
45 1807
46 468
47 1545
48 622
49 1795
50 2417
51 1628
52 300
53 680
54 969
55 2203
56 1684
57 1024
58 1836
59 1159
60 1839
61 2347
62 1982
63 2217
64 439
65 722
66 1614
67 475
68 1378
69 844
70 2005
71 936
72 1098
73 2482
74 1794
75 1956
76 1860
77 518
78 338
79 1886
80 986
81 1129
82 1264
83 2188
84 1970
85 2358
86 1433
87 1096
88 1787
89 2287
90 2383
91 1263
92 1717
93 1030
94 2323
95 1789
96 1126
97 1178
98 2465
99 2428
100 1006
101 1960
102 723
103 865
104 1709
105 1104
106 1278
107 365
108 865
109 1847
110 702
111 1440
<Cost of performing task>
1 852.5
2 1073.6
3 962.4
4 1327.6
5 1013.2
6 346.4
7 540.1
8 1096.5
9 603.9
10 358.0
11 1190.1
12 580.1
13 285.5
14 1074.3
15 517.6
16 418.4
17 1418.0
18 404.9
19 432.2
20 1120.4
21 642.6
22 304.9
23 1386.8
24 1063.9
25 959.6
26 851.8
27 713.1
28 1195.5
29 580.7
30 481.4
31 1187.5
32 1173.0
33 1129.3
34 1079.3
35 1228.6
36 411.3
37 1171.5
38 1118.7
39 878.5
40 1192.4
41 813.4
42 756.4
43 649.6
44 1206.5
45 483.9
46 820.0
47 545.6
48 716.8
49 495.3
50 809.3
51 1419.5
52 1050.3
53 621.6
54 1177.1
55 952.0
56 403.3
57 1136.3
58 635.0
59 723.3
60 1420.4
61 1185.7
62 1058.8
63 583.2
64 1189.4
65 1357.6
66 1253.7
67 850.5
68 925.5
69 645.2
70 1189.3
71 1054.2
72 1129.6
73 1143.5
74 1093.7
75 542.9
76 576.4
77 446.2
78 1261.3
79 1282.8
80 347.5
81 418.6
82 1245.1
83 604.5
84 1054.1
85 656.8
86 299.1
87 477.4
88 1277.8
89 508.0
90 1241.5
91 683.6
92 749.4
93 1341.5
94 1010.0
95 1200.8
96 565.6
97 712.9
98 788.2
99 733.0
100 747.0
101 1377.6
102 985.8
103 767.6
104 659.9
105 927.6
106 1227.0
107 996.7
108 1129.2
109 859.0
110 676.5
111 1071.1
<task times>
1 1960
2 1715
3 735
4 1715
5 490
6 1225
7 169
8 2252
9 1225
10 2319
11 1715
12 980
13 735
14 2281
15 2750
16 77
17 89
18 51
19 364
20 405
21 3060
22 125
23 3429
24 43
25 3430
26 1960
27 29
28 27
29 15
30 121
31 1715
32 2127
33 1470
34 4037
35 68
36 62
37 42
38 364
39 4998
40 1470
41 2963
42 5689
43 68
44 18
45 10
46 81
47 5200
48 39
49 67
50 27
51 15
52 121
53 58
54 1715
55 125
56 4010
57 1470
58 1470
59 2303
60 1960
61 2205
62 4018
63 2744
64 2999
65 735
66 735
67 735
68 735
69 545
70 3386
71 3234
72 2205
73 2206
74 490
75 825
76 3528
77 3568
78 1200
79 618
80 1470
81 1715
82 735
83 1960
84 2889
85 618
86 490
87 735
88 490
89 921
90 326
91 5390
92 243
93 371
94 58
95 5059
96 1225
97 769
98 768
99 1670
100 1670
101 490
102 202
103 203
104 202
105 2744
106 162
107 324
108 162
109 121
110 162
111 91
<Precedence relations>
1 2 1
2 3 1
3 4 1
4 5 1
4 6 1
4 7 1
4 8 1
4 9 1
4 10 1
5 39 1
6 39 1
7 83 1
8 71 1
9 32 1
10 11 1
10 12 1
11 13 1
11 14 1
11 15 1
11 16 1
11 17 1
11 18 1
11 19 1
11 20 1
11 21 1
12 13 1
12 14 1
12 15 1
12 16 1
12 17 1
12 18 1
12 19 1
12 20 1
12 21 1
13 71 1
14 22 1
14 23 1
14 24 1
14 25 1
15 26 1
16 27 1
17 28 1
18 29 1
19 30 1
20 91 1
21 111 1
22 31 1
22 83 1
23 32 1
23 33 1
24 69 1
24 70 1
25 34 1
26 82 1
27 35 1
28 36 1
29 37 1
30 38 1
31 39 1
32 41 1
33 111 1
34 42 1
35 43 1
36 44 1
36 91 1
37 45 1
37 91 1
38 46 1
38 91 1
39 40 1
40 111 1
41 69 1
41 70 1
42 47 1
43 48 1
43 49 1
44 50 1
45 51 1
46 52 1
47 54 1
47 55 1
47 56 1
47 57 1
47 58 1
47 59 1
47 60 1
48 53 1
49 91 1
50 111 1
51 111 1
52 111 1
53 111 1
54 69 1
54 70 1
55 61 1
55 62 1
55 63 1
56 63 1
56 64 1
57 65 1
57 91 1
58 66 1
58 91 1
59 67 1
59 91 1
60 68 1
60 91 1
61 69 1
61 70 1
62 71 1
63 111 1
64 72 1
65 111 1
66 111 1
67 111 1
68 111 1
69 77 1
69 78 1
70 73 1
71 91 1
72 74 1
73 75 1
74 76 1
75 77 1
75 78 1
75 79 1
76 80 1
76 81 1
76 82 1
77 83 1
78 84 1
79 85 1
80 86 1
80 91 1
81 87 1
81 91 1
82 111 1
83 91 1
84 88 1
84 89 1
84 91 1
85 111 1
86 111 1
87 90 1
88 105 1
89 105 1
90 111 1
91 92 1
91 93 1
91 94 1
92 95 1
93 95 1
94 95 1
95 96 1
95 97 1
95 98 1
95 99 1
95 100 1
95 104 1
96 101 1
97 102 1
98 103 1
99 111 1
100 111 1
101 105 1
102 106 1
102 107 1
103 107 1
103 108 1
104 111 1
105 111 1
106 109 1
107 111 1
108 110 1
109 111 1
110 111 1
<end>