<number of tasks>
111
<cycle time>
5755
<Cost of running a workstation per unit time>
0.05
<Fix start-up cost of each workstation>
285.00
<Recycling value>
1 626
2 2002
3 870
4 790
5 396
6 1935
7 1848
8 445
9 1866
10 417
11 554
12 1580
13 775
14 2557
15 1993
16 923
17 300
18 1974
19 1735
20 522
21 2253
22 512
23 310
24 2503
25 1156
26 901
27 681
28 497
29 1993
30 1875
31 558
32 1827
33 2154
34 1620
35 1988
36 894
37 739
38 2247
39 1283
40 1756
41 1655
42 2499
43 812
44 629
45 2222
46 596
47 320
48 1285
49 835
50 464
51 635
52 545
53 890
54 1003
55 2096
56 2362
57 740
58 1655
59 457
60 2462
61 1894
62 1584
63 1408
64 830
65 1074
66 1691
67 1135
68 2165
69 1094
70 826
71 410
72 2537
73 2394
74 1091
75 1288
76 469
77 672
78 518
79 2263
80 1146
81 1831
82 1883
83 2439
84 469
85 978
86 1602
87 2324
88 739
89 1461
90 480
91 1436
92 1148
93 2191
94 1980
95 2047
96 962
97 356
98 1918
99 350
100 1611
101 2172
102 2443
103 774
104 901
105 1711
106 290
107 1087
108 1913
109 986
110 2119
111 1177
<Cost of performing task>
1 1186.8
2 1097.6
3 1384.3
4 583.9
5 585.0
6 451.5
7 1314.9
8 1045.2
9 287.4
10 1297.2
11 1311.5
12 1386.9
13 1316.2
14 901.1
15 1079.3
16 303.4
17 1347.9
18 295.4
19 604.4
20 532.0
21 1362.9
22 804.0
23 525.7
24 439.5
25 729.9
26 861.6
27 414.1
28 1317.8
29 388.0
30 1189.5
31 787.4
32 476.8
33 294.1
34 907.2
35 466.8
36 1101.8
37 757.4
38 1231.6
39 757.5
40 905.9
41 859.5
42 717.4
43 1308.7
44 1398.9
45 820.6
46 292.1
47 773.3
48 883.9
49 328.1
50 1297.8
51 462.0
52 496.5
53 406.9
54 1253.7
55 1282.4
56 1174.2
57 452.8
58 526.1
59 1203.4
60 1059.3
61 1419.0
62 1236.8
63 567.8
64 1424.9
65 1359.9
66 1111.9
67 950.5
68 914.8
69 1403.5
70 866.1
71 1353.5
72 641.9
73 1361.3
74 943.6
75 1419.2
76 1186.5
77 511.9
78 909.7
79 1315.7
80 1335.8
81 945.3
82 555.5
83 1046.7
84 373.9
85 701.6
86 740.7
87 1074.5
88 1393.7
89 1126.5
90 422.6
91 1340.4
92 438.7
93 1105.1
94 752.4
95 1184.0
96 364.5
97 972.3
98 611.0
99 396.4
100 1124.6
101 1229.8
102 807.8
103 691.3
104 786.5
105 1380.9
106 1267.6
107 1220.3
108 1111.9
109 750.0
110 983.9
111 1398.9
<task times>
1 1960
2 1715
3 735
4 1715
5 490
6 1225
7 169
8 2252
9 1225
10 2319
11 1715
12 980
13 735
14 2281
15 2750
16 77
17 89
18 51
19 364
20 405
21 3060
22 125
23 3429
24 43
25 3430
26 1960
27 29
28 27
29 15
30 121
31 1715
32 2127
33 1470
34 4037
35 68
36 62
37 42
38 364
39 4998
40 1470
41 2963
42 5689
43 68
44 18
45 10
46 81
47 5200
48 39
49 67
50 27
51 15
52 121
53 58
54 1715
55 125
56 4010
57 1470
58 1470
59 2303
60 1960
61 2205
62 4018
63 2744
64 2999
65 735
66 735
67 735
68 735
69 545
70 3386
71 3234
72 2205
73 2206
74 490
75 825
76 3528
77 3568
78 1200
79 618
80 1470
81 1715
82 735
83 1960
84 2889
85 618
86 490
87 735
88 490
89 921
90 326
91 5390
92 243
93 371
94 58
95 5059
96 1225
97 769
98 768
99 1670
100 1670
101 490
102 202
103 203
104 202
105 2744
106 162
107 324
108 162
109 121
110 162
111 91
<Precedence relations>
1 2 1
2 3 1
3 4 1
4 5 1
4 6 1
4 7 1
4 8 1
4 9 1
4 10 1
5 39 1
6 39 1
7 83 1
8 71 1
9 32 1
10 11 1
10 12 1
11 13 1
11 14 1
11 15 1
11 16 1
11 17 1
11 18 1
11 19 1
11 20 1
11 21 1
12 13 1
12 14 1
12 15 1
12 16 1
12 17 1
12 18 1
12 19 1
12 20 1
12 21 1
13 71 1
14 22 1
14 23 1
14 24 1
14 25 1
15 26 1
16 27 1
17 28 1
18 29 1
19 30 1
20 91 1
21 111 1
22 31 1
22 83 1
23 32 1
23 33 1
24 69 1
24 70 1
25 34 1
26 82 1
27 35 1
28 36 1
29 37 1
30 38 1
31 39 1
32 41 1
33 111 1
34 42 1
35 43 1
36 44 1
36 91 1
37 45 1
37 91 1
38 46 1
38 91 1
39 40 1
40 111 1
41 69 1
41 70 1
42 47 1
43 48 1
43 49 1
44 50 1
45 51 1
46 52 1
47 54 1
47 55 1
47 56 1
47 57 1
47 58 1
47 59 1
47 60 1
48 53 1
49 91 1
50 111 1
51 111 1
52 111 1
53 111 1
54 69 1
54 70 1
55 61 1
55 62 1
55 63 1
56 63 1
56 64 1
57 65 1
57 91 1
58 66 1
58 91 1
59 67 1
59 91 1
60 68 1
60 91 1
61 69 1
61 70 1
62 71 1
63 111 1
64 72 1
65 111 1
66 111 1
67 111 1
68 111 1
69 77 1
69 78 1
70 73 1
71 91 1
72 74 1
73 75 1
74 76 1
75 77 1
75 78 1
75 79 1
76 80 1
76 81 1
76 82 1
77 83 1
78 84 1
79 85 1
80 86 1
80 91 1
81 87 1
81 91 1
82 111 1
83 91 1
84 88 1
84 89 1
84 91 1
85 111 1
86 111 1
87 90 1
88 105 1
89 105 1
90 111 1
91 92 1
91 93 1
91 94 1
92 95 1
93 95 1
94 95 1
95 96 1
95 97 1
95 98 1
95 99 1
95 100 1
95 104 1
96 101 1
97 102 1
98 103 1
99 111 1
100 111 1
101 105 1
102 106 1
102 107 1
103 107 1
103 108 1
104 111 1
105 111 1
106 109 1
107 111 1
108 110 1
109 111 1
110 111 1
<end>