<number of tasks>
25
<cycle time>
18 
<task times>
1 3
2 2
3 3
4 10
5 10
6 15
7 15
8 15
9 15
10 2
11 2
12 2
13 2
14 2
15 2
16 2
17 2
18 3
19 18
20 5
21 1
22 5
23 15
24 2
25 2
<hazardous>
1 1
2 1
3 0
4 0
5 0
6 0
7 0
8 0
9 0
10 0
11 0
12 1
13 0
14 0
15 0
16 0
17 0
18 0
19 1
20 0
21 0
22 0
23 1
24 0
25 1
<Demand>
1 4
2 7
3 1
4 1
5 1
6 1
7 1
8 1
9 1
10 2
11 1
12 4
13 1
14 1
15 1
16 1
17 2
18 2
19 8
20 1
21 4
22 6
23 7
24 1
25 4
<Sequence dependencies>
4 5 2
5 4 1
6 7 1
6 9 2
7 6 2
7 8 1
8 7 2
9 6 1
13 14 1
14 13 2
14 15 2
15 14 1
20 21 1
21 20 2
22 25 1
25 22 2
<Precedence relations>
1 3 1
2 3 1
2 6 1
2 7 1
2 8 1
3 9 1
4 10 1
5 10 1
6 13 1
6 14 1 
6 15 1
6 16 1
7 13 1
7 14 1 
7 15 1
7 16 1
8 13 1
8 14 1 
8 15 1
8 16 1
9 13 1
9 14 1 
9 15 1
9 16 1
10 11 1
11 12 1 
13 17 1
13 19 1
14 17 1
14 19 1
15 18 1
16 19 1
16 23 1
17 20 1
17 21 1
18 19 1
19 24 1
21 22 1
21 25 1
22 23 1
23 24 1
<end>