<number of tasks>
25
<cycle time>
18
<task times>
1 8
2 6
3 4
4 12
5 12
6 18
7 18
8 18
9 18
10 3
11 3
12 6
13 3
14 3
15 3
16 3
17 3
18 4
19 18
20 6
21 3
22 6
23 18
24 3
25 6
<Precedence relations>
1 3 1
2 3 1
2 6 1
2 7 1
2 8 1
3 9 1
4 10 1
5 10 1
6 13 1
6 14 1 
6 15 1
6 16 1
7 13 1
7 14 1 
7 15 1
7 16 1
8 13 1
8 14 1 
8 15 1
8 16 1
9 13 1
9 14 1 
9 15 1
9 16 1
10 11 1
11 12 1 
13 17 1
13 19 1
14 17 1
14 19 1
15 18 1
16 19 1
16 23 1
17 20 1
17 21 1
18 19 1
19 24 1
21 22 1
21 25 1
22 23 1
23 24 1
<end>