<number of tasks>
40
<cycle time>
104
<task times>
1 5
2 8
3 10
4 6
5 12
6 47
7 39
8 13
9 21
10 14
11 8
12 9
13 33
14 36
15 29
16 30
17 34
18 36
19 12
20 10
21 9
22 16
23 13
24 10
25 15
26 7
27 22
28 26
29 20
30 18
31 13
32 9
33 12
34 14
35 8
36 17
37 13
38 16
39 11
40 14
<precedence relations>
2 9 1
2 23 1
2 24 1
2 25 1
3 8 1
4 9 1
5 31 1
5 32 1
5 33 1
5 34 1
5 35 1
5 36 1
5 37 1
5 38 1
5 39 1
5 40 1
6 10 1
7 9 1
8 11 1
8 12 1
9 27 1
9 28 1
9 29 1
9 30 1
10 8 1
13 1 1
14 1 1
15 2 1
16 2 1
17 2 1
18 2 1
19 4 1
20 4 1
21 4 1
22 4 1
23 5 1
24 5 1
25 5 1
26 5 1
27 6 1
28 6 1
29 6 1
30 6 1
31 7 1
32 7 1
33 7 1
34 7 1
35 7 1
36 7 1
37 7 1
38 7 1
39 7 1
40 7 1
<end>
