<number of tasks>
47
<cycle time>
105
<task times>
1 14
2 28
3 3
4 2
5 3
6 4
7 8
8 12
9 4
10 28
11 3
12 4
13 6
14 1
15 20
16 5
17 28
18 4
19 3
20 12
21 3
22 3
23 28
24 28
25 12
26 76
27 6
28 28
29 3
30 6
31 3
32 98
33 14
34 2
35 6
36 7
37 60
38 6
39 60
40 8
41 12
42 3
43 12
44 3
45 28
46 2
47 3
<precedence relations>
1 2 1
1 32 1
2 3 1
2 4 1
5 6 1
5 32 1
8 9 1
8 10 1
9 11 1
9 32 1
10 11 1
10 12 1
13 14 1
14 19 1
15 16 1
16 17 1
17 18 1
18 20 1
18 22 1
18 32 1
18 47 1
19 26 1
20 21 1
22 23 1
22 24 1
23 25 1
24 25 1
26 27 1
27 28 1
28 29 1
29 30 1
30 31 1
32 33 1
33 34 1
33 35 1
34 36 1
35 36 1
36 37 1
36 43 1
37 38 1
38 39 1
39 40 1
40 41 1
41 42 1
43 44 1
44 45 1
45 46 1
<end>
