<number of tasks>
120
<cycle time>
199
<task times>
1 5
2 11
3 18
4 4
5 12
6 7
7 8
8 18
9 1
10 15
11 7
12 1
13 16
14 6
15 6
16 7
17 18
18 8
19 15
20 3
21 16
22 11
23 8
24 6
25 5
26 1
27 10
28 17
29 11
30 4
31 4
32 20
33 20
34 19
35 7
36 16
37 4
38 18
39 17
40 9
41 9
42 15
43 15
44 19
45 7
46 5
47 2
48 19
49 20
50 7
51 7
52 8
53 8
54 8
55 12
56 19
57 7
58 8
59 16
60 9
61 5
62 2
63 2
64 7
65 5
66 19
67 7
68 6
69 1
70 2
71 11
72 18
73 13
74 11
75 1
76 10
77 9
78 14
79 16
80 20
81 15
82 9
83 18
84 6
85 6
86 9
87 2
88 2
89 11
90 5
91 16
92 10
93 6
94 7
95 8
96 19
97 9
98 17
99 15
100 11
101 19
102 15
103 5
104 20
105 20
106 13
107 20
108 19
109 6
110 8
111 7
112 9
113 3
114 16
115 3
116 16
117 13
118 20
119 2
120 17
<precedence relations>
1 2 1
1 3 1
2 4 1
3 11 1
3 12 1
3 31 2
4 5 2
4 31 2
5 32 2
5 35 1
6 7 1
6 17 1
7 34 2
8 9 1
9 10 2
10 48 1
11 5 2
12 13 1
12 14 1
12 15 1
13 32 2
14 19 1
14 22 1
15 20 1
15 21 1
16 33 2
17 29 2
18 30 2
19 25 2
20 26 1
20 27 1
21 25 2
22 33 2
23 34 2
24 28 2
25 28 2
26 28 2
27 29 2
28 30 2
29 30 2
30 10 2
32 6 1
32 16 1
33 23 1
33 24 1
34 8 1
34 18 1
35 36 1
35 37 1
35 38 1
36 39 1
36 40 1
37 41 2
37 45 2
38 42 1
38 43 1
38 44 2
39 41 2
40 44 2
40 46 2
41 44 2
42 7 1
42 45 2
43 46 2
44 47 1
45 10 1
48 49 1
48 50 1
49 51 1
50 58 1
50 59 1
50 78 2
51 52 2
51 78 2
52 79 2
52 82 1
53 54 1
53 64 1
53 90 1
54 81 2
55 56 1
56 57 2
58 52 2
59 60 1
59 61 1
59 62 1
59 95 1
60 79 2
61 66 1
61 69 1
62 67 1
62 68 1
63 80 2
64 76 2
65 77 2
66 72 2
67 73 1
67 74 1
67 96 1
68 72 2
69 80 2
70 81 2
71 75 2
72 75 2
72 102 1
73 75 2
73 99 1
74 76 2
74 100 1
75 77 2
76 77 2
77 57 2
77 105 1
77 108 1
79 53 1
79 63 1
79 87 1
80 70 1
80 71 1
81 55 1
81 65 1
82 83 1
82 84 1
82 85 1
83 86 1
83 87 1
84 88 2
84 92 2
85 89 1
85 90 1
85 91 2
86 88 2
87 91 2
87 93 2
88 91 2
89 54 1
89 92 2
90 93 2
91 94 1
92 57 1
92 110 1
93 81 1
94 55 1
95 96 1
95 97 1
95 98 1
96 99 1
96 100 1
97 62 1
97 101 2
97 105 2
98 102 1
98 103 1
98 104 2
99 101 2
100 104 2
100 106 2
101 104 2
102 105 2
103 106 2
104 107 1
105 111 1
106 75 1
107 76 1
108 109 1
108 110 1
108 111 1
109 112 1
109 113 1
110 114 2
110 118 2
111 115 1
111 116 1
111 117 2
112 114 2
113 117 2
113 119 2
114 117 2
115 118 2
116 119 2
117 120 1
<end>
