<number of tasks>
34
<cycle time>
147
<task times>
1 18
2 1
3 4
4 6
5 11
6 17
7 1
8 14
9 7
10 13
11 7
12 8
13 9
14 5
15 8
16 14
17 20
18 7
19 17
20 13
21 12
22 8
23 19
24 20
25 6
26 10
27 4
28 16
29 3
30 5
31 17
32 4
33 8
34 16
<precedence relations>
1 2 1
1 3 1
2 4 1
3 11 1
3 12 1
3 31 2
4 5 2
4 31 2
5 32 2
6 7 1
6 17 1
7 34 2
8 9 1
9 10 2
11 5 2
12 13 1
12 14 1
12 15 1
13 32 2
14 19 1
14 22 1
15 20 1
15 21 1
16 33 2
17 29 2
18 30 2
19 25 2
20 26 1
20 27 1
21 25 2
22 33 2
23 34 2
24 28 2
25 28 2
26 28 2
27 29 2
28 30 2
29 30 2
30 10 2
32 6 1
32 16 1
33 23 1
33 24 1
34 8 1
34 18 1
<end>
