<number of tasks>
47
<cycle time>
133
<task times>
1 5
2 11
3 18
4 4
5 12
6 7
7 8
8 18
9 1
10 15
11 7
12 1
13 16
14 6
15 6
16 7
17 18
18 8
19 15
20 3
21 16
22 11
23 8
24 6
25 5
26 1
27 10
28 17
29 11
30 4
31 4
32 20
33 20
34 19
35 7
36 16
37 4
38 18
39 17
40 9
41 9
42 15
43 15
44 19
45 7
46 5
47 2
<precedence relations>
1 2 1
1 3 1
2 4 1
3 11 1
3 12 1
3 31 2
4 5 2
4 31 2
5 32 2
5 35 1
6 7 1
6 17 1
7 34 2
8 9 1
9 10 2
11 5 2
12 13 1
12 14 1
12 15 1
13 32 2
14 19 1
14 22 1
15 20 1
15 21 1
16 33 2
17 29 2
18 30 2
19 25 2
20 26 1
20 27 1
21 25 2
22 33 2
23 34 2
24 28 2
25 28 2
26 28 2
27 29 2
28 30 2
29 30 2
30 10 2
32 6 1
32 16 1
33 23 1
33 24 1
34 8 1
34 18 1
35 36 1
35 37 1
35 38 1
36 39 1
36 40 1
37 41 2
37 45 2
38 42 1
38 43 1
38 44 2
39 41 2
40 44 2
40 46 2
41 44 2
42 7 1
42 45 2
43 46 2
44 47 1
45 10 1
<end>
