<number of tasks>
60
<cycle time>
278
<task times>
1 14
2 19
3 9
4 5
5 2
6 4
7 14
8 1
9 16
10 17
11 1
12 6
13 1
14 11
15 9
16 19
17 19
18 1
19 12
20 1
21 18
22 11
23 19
24 12
25 15
26 20
27 6
28 7
29 15
30 6
31 8
32 8
33 19
34 4
35 10
36 11
37 18
38 11
39 13
40 9
41 1
42 13
43 15
44 20
45 2
46 2
47 6
48 5
49 19
50 3
51 17
52 17
53 5
54 1
55 14
56 12
57 18
58 2
59 1
60 19
<precedence relations>
1 2 1
1 3 1
2 4 1
3 11 1
3 12 1
3 31 2
4 5 2
4 31 2
5 32 2
5 35 1
6 7 1
6 17 1
6 43 1
7 34 2
8 9 1
9 10 2
11 5 2
12 13 1
12 14 1
12 15 1
12 48 1
13 32 2
14 19 1
14 22 1
15 20 1
15 21 1
16 33 2
17 29 2
18 30 2
19 25 2
20 26 1
20 27 1
20 49 1
21 25 2
22 33 2
23 34 2
24 28 2
25 28 2
25 55 1
26 28 2
26 52 1
27 29 2
27 53 1
28 30 2
29 30 2
30 10 2
30 58 1
32 6 1
32 16 1
32 40 1
33 23 1
33 24 1
34 8 1
34 18 1
35 36 1
35 37 1
35 38 1
36 39 1
36 40 1
37 41 2
37 45 2
38 42 1
38 43 1
38 44 2
39 41 2
40 44 2
40 46 2
41 44 2
42 7 1
42 45 2
43 46 2
44 47 1
45 10 1
46 34 1
47 8 1
48 49 1
48 50 1
48 51 1
49 52 1
49 53 1
50 15 1
50 54 2
50 58 2
51 55 1
51 56 1
51 57 2
52 54 2
53 57 2
53 59 2
54 57 2
55 58 2
56 59 2
57 60 1
59 28 1
60 29 1
<end>
