<number of tasks>
73
<cycle time>
244
<task times>
1 19
2 20
3 7
4 7
5 8
6 8
7 8
8 12
9 19
10 7
11 8
12 16
13 9
14 5
15 2
16 2
17 7
18 5
19 19
20 7
21 6
22 1
23 2
24 11
25 18
26 13
27 11
28 1
29 10
30 9
31 14
32 16
33 20
34 15
35 9
36 18
37 6
38 6
39 9
40 2
41 2
42 11
43 5
44 16
45 10
46 6
47 7
48 8
49 19
50 9
51 17
52 15
53 11
54 19
55 15
56 5
57 20
58 20
59 13
60 20
61 19
62 6
63 8
64 7
65 9
66 3
67 16
68 3
69 16
70 13
71 20
72 2
73 17
<precedence relations>
1 2 1
1 3 1
2 4 1
3 11 1
3 12 1
3 31 2
4 5 2
4 31 2
5 32 2
5 35 1
6 7 1
6 17 1
6 43 1
7 34 2
8 9 1
9 10 2
11 5 2
12 13 1
12 14 1
12 15 1
12 48 1
13 32 2
14 19 1
14 22 1
15 20 1
15 21 1
16 33 2
17 29 2
18 30 2
19 25 2
20 26 1
20 27 1
20 49 1
21 25 2
22 33 2
23 34 2
24 28 2
25 28 2
25 55 1
26 28 2
26 52 1
27 29 2
27 53 1
28 30 2
29 30 2
30 10 2
30 58 1
30 61 1
32 6 1
32 16 1
32 40 1
33 23 1
33 24 1
34 8 1
34 18 1
35 36 1
35 37 1
35 38 1
36 39 1
36 40 1
37 41 2
37 45 2
38 42 1
38 43 1
38 44 2
39 41 2
40 44 2
40 46 2
41 44 2
42 7 1
42 45 2
43 46 2
44 47 1
45 10 1
45 63 1
46 34 1
47 8 1
48 49 1
48 50 1
48 51 1
49 52 1
49 53 1
50 15 1
50 54 2
50 58 2
51 55 1
51 56 1
51 57 2
52 54 2
53 57 2
53 59 2
54 57 2
55 58 2
56 59 2
57 60 1
58 64 1
59 28 1
60 29 1
61 62 1
61 63 1
61 64 1
62 65 1
62 66 1
63 67 2
63 71 2
64 68 1
64 69 1
64 70 2
65 67 2
66 70 2
66 72 2
67 70 2
68 71 2
69 72 2
70 73 1
<end>
